Year

  • 2014 (5,308)
  • 2012 (5,253)
  • 2013 (5,142)
  • 2011 (5,126)
  • 2010 (4,714)
  • 2015 (4,682)
  • 2009 (4,337)
  • 2006 (3,892)
  • 2008 (3,680)
  • 2007 (3,617)
  • 2005 (3,565)
  • 2003 (3,249)
  • 2004 (3,021)
  • 2002 (2,820)
  • 2000 (2,523)
  • 2001 (2,356)
  • 1998 (2,216)
  • 1999 (2,166)
  • 1997 (2,099)
  • 1995 (1,983)
  • 1994 (1,709)
  • 1996 (1,591)
  • 1985 (1,499)
  • 1993 (1,478)
  • 1967 (1,419)
  • 1987 (1,365)
  • 1986 (1,330)
  • 1992 (1,326)
  • 1990 (1,275)
  • 1991 (1,252)
  • 1966 (1,223)
  • 1989 (1,191)
  • 1968 (1,165)
  • 1979 (1,140)
  • 2016 (1,138)
  • 1965 (1,089)
  • 1969 (1,004)
  • 1983 (1,002)
  • 1984 (997)
  • 1988 (982)
  • 1978 (962)
  • 1982 (933)
  • 1980 (921)
  • 1961 (906)
  • 1957 (904)
  • 1981 (885)
  • 1973 (876)
  • 1974 (855)
  • 1970 (848)
  • 1964 (840)
  • 1977 (825)
  • 1975 (786)
  • 1959 (771)
  • 1972 (771)
  • 1976 (750)
  • 1958 (734)
  • 1960 (724)
  • 1971 (722)
  • 1962 (678)
  • 1963 (642)
  • 1956 (585)
  • 1955 (567)
  • 1954 (433)
  • 1953 (336)
  • 1952 (319)
  • 2017 (248)
  • 1951 (160)
  • 1926 (123)
  • 1938 (123)
  • 1939 (119)
  • 1949 (115)
  • 1950 (110)
  • 1914 (108)
  • 1937 (107)
  • 1941 (106)
  • 1940 (102)
  • 1947 (99)
  • 1942 (93)
  • 1936 (92)
  • 1948 (92)
  • 1935 (91)
  • 2018 (90)
  • 1925 (87)
  • 1920 (84)
  • 1934 (83)
  • 1915 (82)
  • 1913 (76)
  • 1943 (76)
  • 1918 (74)
  • 1921 (74)
  • 1929 (73)
  • 1944 (72)
  • 1917 (71)
  • 1919 (71)
  • 1928 (69)
  • 1912 (68)
  • 1946 (68)
  • 1927 (63)
  • 1932 (63)
  • 1922 (62)

