Year

  • 2013 (9,340)
  • 2011 (9,294)
  • 2012 (9,199)
  • 2014 (9,183)
  • 2010 (8,809)
  • 2006 (7,957)
  • 2009 (7,662)
  • 2007 (7,661)
  • 2015 (7,540)
  • 2008 (7,328)
  • 2005 (6,661)
  • 2004 (5,440)
  • 2003 (5,273)
  • 2002 (5,154)
  • 2001 (4,254)
  • 1999 (3,870)
  • 2000 (3,656)
  • 1998 (3,409)
  • 1997 (3,185)
  • 1996 (2,669)
  • 1995 (2,584)
  • 1994 (2,259)
  • 1987 (2,190)
  • 1991 (2,166)
  • 1985 (1,956)
  • 1992 (1,939)
  • 1986 (1,869)
  • 1993 (1,863)
  • 1990 (1,843)
  • 1988 (1,706)
  • 1989 (1,552)
  • 1984 (1,514)
  • 1983 (1,463)
  • 1982 (1,151)
  • 1979 (1,115)
  • 1981 (1,076)
  • 1980 (1,048)
  • 1972 (987)
  • 1960 (975)
  • 1978 (946)
  • 1965 (920)
  • 1967 (914)
  • 1974 (866)
  • 1961 (859)
  • 1973 (853)
  • 1975 (834)
  • 1963 (774)
  • 1971 (766)
  • 2016 (753)
  • 1966 (733)
  • 1977 (728)
  • 1964 (665)
  • 1970 (635)
  • 1969 (618)
  • 1976 (615)
  • 1968 (567)
  • 1962 (550)
  • 1959 (470)
  • 1916 (315)
  • 1920 (288)
  • 1917 (282)
  • 1926 (279)
  • 1958 (277)
  • 1932 (252)
  • 1925 (245)
  • 1921 (242)
  • 1936 (237)
  • 1927 (236)
  • 1942 (236)
  • 1938 (232)
  • 1933 (231)
  • 1931 (228)
  • 1934 (226)
  • 1935 (223)
  • 1957 (223)
  • 1941 (217)
  • 1937 (209)
  • 1940 (205)
  • 1922 (203)
  • 1930 (201)
  • 1928 (199)
  • 1943 (198)
  • 1944 (196)
  • 1949 (196)
  • 1951 (196)
  • 1939 (195)
  • 1954 (194)
  • 1956 (193)
  • 1953 (191)
  • 1948 (190)
  • 1952 (188)
  • 1918 (186)
  • 1924 (184)
  • 1929 (184)
  • 1955 (183)
  • 1950 (180)
  • 1919 (177)
  • 1923 (173)
  • 1947 (165)
  • 1945 (160)

