Year

  • 2014 (51,749)
  • 2013 (51,410)
  • 2012 (47,993)
  • 2015 (45,649)
  • 2011 (42,202)
  • 2010 (35,893)
  • 2009 (31,985)
  • 2008 (28,336)
  • 2007 (25,827)
  • 2006 (24,553)
  • 2005 (21,357)
  • 2004 (19,289)
  • 2003 (16,928)
  • 2002 (15,487)
  • 2001 (13,784)
  • 1999 (12,597)
  • 2000 (12,308)
  • 1998 (11,701)
  • 1997 (11,011)
  • 1996 (10,119)
  • 1995 (9,355)
  • 1994 (8,502)
  • 1993 (7,326)
  • 1992 (6,705)
  • 1991 (6,435)
  • 1990 (5,966)
  • 1989 (5,753)
  • 2016 (5,647)
  • 1987 (5,586)
  • 1988 (5,008)
  • 1986 (4,577)
  • 1973 (4,136)
  • 1972 (4,135)
  • 1976 (4,031)
  • 1970 (3,949)
  • 1975 (3,922)
  • 1977 (3,904)
  • 1971 (3,883)
  • 1984 (3,863)
  • 1985 (3,862)
  • 1969 (3,692)
  • 1982 (3,686)
  • 1980 (3,636)
  • 1965 (3,625)
  • 1978 (3,614)
  • 1974 (3,589)
  • 1983 (3,553)
  • 1967 (3,552)
  • 1981 (3,498)
  • 1966 (3,485)
  • 1979 (3,480)
  • 1968 (3,367)
  • 1961 (3,334)
  • 1964 (3,245)
  • 1963 (3,223)
  • 1962 (3,187)
  • 1914 (3,011)
  • 1960 (3,007)
  • 1913 (2,957)
  • 1958 (2,685)
  • 1959 (2,667)
  • 1915 (2,657)
  • 1957 (2,608)
  • 1912 (2,473)
  • 1956 (2,467)
  • 1955 (2,450)
  • 1954 (2,240)
  • 1916 (2,131)
  • 1953 (2,005)
  • 1911 (1,704)
  • 1910 (1,608)
  • 1952 (1,592)
  • 1917 (1,584)
  • 1909 (1,349)
  • 1951 (1,345)
  • 1920 (1,203)
  • 1950 (1,156)
  • 1918 (1,126)
  • 1908 (1,091)
  • 1927 (1,013)
  • 1919 (998)
  • 1926 (966)
  • 1921 (956)
  • 1925 (917)
  • 1928 (892)
  • 1922 (888)
  • 1949 (883)
  • 1929 (826)
  • 1938 (824)
  • 1937 (801)
  • 1924 (779)
  • 1936 (758)
  • 1931 (757)
  • 1923 (736)
  • 1907 (729)
  • 1930 (722)
  • 1934 (714)
  • 1933 (710)
  • 1935 (697)
  • 1932 (686)

