Year

  • 2012 (7,708)
  • 2014 (7,510)
  • 2013 (7,495)
  • 2011 (7,240)
  • 2015 (7,063)
  • 2010 (6,138)
  • 2009 (5,870)
  • 2008 (5,188)
  • 2007 (4,928)
  • 2006 (4,341)
  • 2005 (4,215)
  • 2003 (3,935)
  • 2004 (3,601)
  • 2002 (3,336)
  • 2001 (3,291)
  • 2000 (2,950)
  • 1998 (2,545)
  • 1999 (2,528)
  • 1997 (2,483)
  • 1996 (2,446)
  • 1995 (2,206)
  • 1994 (1,861)
  • 2016 (1,732)
  • 1993 (1,659)
  • 1961 (1,563)
  • 1990 (1,553)
  • 1992 (1,435)
  • 1989 (1,370)
  • 1991 (1,348)
  • 1975 (1,339)
  • 1974 (1,321)
  • 1973 (1,315)
  • 1985 (1,303)
  • 1960 (1,291)
  • 1959 (1,269)
  • 1988 (1,261)
  • 1986 (1,223)
  • 1987 (1,200)
  • 1976 (1,199)
  • 1969 (1,175)
  • 1972 (1,158)
  • 1967 (1,110)
  • 1977 (1,082)
  • 1968 (1,068)
  • 1980 (1,044)
  • 1984 (974)
  • 1966 (965)
  • 1979 (954)
  • 1958 (953)
  • 1983 (944)
  • 1971 (934)
  • 1957 (907)
  • 1962 (887)
  • 1970 (887)
  • 1978 (862)
  • 1965 (802)
  • 1964 (787)
  • 1982 (784)
  • 1963 (742)
  • 1981 (718)
  • 1956 (580)
  • 1955 (529)
  • 1954 (496)
  • 1952 (470)
  • 1953 (444)
  • 1951 (347)
  • 1950 (289)
  • 2017 (244)
  • 1914 (204)
  • 1949 (191)
  • 1913 (186)
  • 1939 (185)
  • 1936 (171)
  • 1938 (170)
  • 1937 (163)
  • 1915 (161)
  • 1947 (151)
  • 1948 (150)
  • 1932 (133)
  • 1935 (132)
  • 1946 (130)
  • 1912 (121)
  • 1940 (116)
  • 1931 (115)
  • 1933 (111)
  • 1942 (108)
  • 1934 (107)
  • 1916 (106)
  • 1917 (105)
  • 1920 (105)
  • 1921 (97)
  • 1930 (97)
  • 1919 (96)
  • 1941 (95)
  • 1945 (85)
  • 1923 (79)
  • 1929 (78)
  • 1944 (75)
  • 1924 (72)
  • 1922 (71)

