Year

  • 2013 (24,443)
  • 2012 (24,194)
  • 2014 (23,302)
  • 2011 (22,200)
  • 2010 (20,707)
  • 2015 (19,184)
  • 2009 (18,797)
  • 2008 (17,437)
  • 2007 (16,744)
  • 2006 (15,585)
  • 2005 (14,344)
  • 2004 (12,563)
  • 2003 (10,694)
  • 2002 (8,443)
  • 2001 (7,590)
  • 2000 (6,256)
  • 1999 (5,569)
  • 1998 (4,682)
  • 1997 (3,968)
  • 1996 (3,624)
  • 1995 (3,285)
  • 1994 (3,025)
  • 1993 (2,644)
  • 1992 (2,470)
  • 1991 (2,222)
  • 1990 (2,185)
  • 2016 (1,996)
  • 1985 (1,982)
  • 1989 (1,977)
  • 1988 (1,906)
  • 1987 (1,888)
  • 1986 (1,863)
  • 1980 (1,660)
  • 1984 (1,655)
  • 1903 (1,642)
  • 1983 (1,612)
  • 1982 (1,547)
  • 1979 (1,476)
  • 1978 (1,474)
  • 1977 (1,473)
  • 1981 (1,469)
  • 1976 (1,456)
  • 1975 (1,339)
  • 1901 (1,319)
  • 1973 (1,300)
  • 1969 (1,292)
  • 1970 (1,267)
  • 1974 (1,258)
  • 1971 (1,245)
  • 1900 (1,240)
  • 1964 (1,233)
  • 1972 (1,227)
  • 1910 (1,221)
  • 1902 (1,173)
  • 1968 (1,163)
  • 1963 (1,162)
  • 1899 (1,155)
  • 1967 (1,152)
  • 1898 (1,139)
  • 1966 (1,130)
  • 1962 (1,106)
  • 1965 (1,087)
  • 1909 (1,070)
  • 1904 (986)
  • 1913 (976)
  • 1908 (952)
  • 1912 (928)
  • 1906 (921)
  • 1961 (907)
  • 1905 (904)
  • 1960 (813)
  • 1897 (777)
  • 1907 (772)
  • 1959 (729)
  • 1911 (704)
  • 1957 (687)
  • 1958 (651)
  • 1955 (636)
  • 1918 (591)
  • 1917 (586)
  • 1956 (574)
  • 1953 (566)
  • 1954 (546)
  • 1915 (537)
  • 1937 (534)
  • 1916 (524)
  • 1896 (520)
  • 1952 (513)
  • 1914 (510)
  • 1936 (475)
  • 1951 (444)
  • 1950 (411)
  • 1938 (410)
  • 1919 (409)
  • 1920 (384)
  • 1921 (376)
  • 1932 (373)
  • 1933 (361)
  • 1949 (340)
  • 1925 (335)

