Year

  • 2014 (48,068)
  • 2013 (46,240)
  • 2012 (45,572)
  • 2011 (43,903)
  • 2015 (42,672)
  • 2010 (39,793)
  • 2009 (36,303)
  • 2008 (33,844)
  • 2007 (31,529)
  • 2006 (26,741)
  • 2005 (23,026)
  • 2004 (20,384)
  • 2003 (18,975)
  • 2002 (16,939)
  • 2001 (15,219)
  • 2000 (14,484)
  • 1999 (13,903)
  • 1998 (12,472)
  • 1997 (11,320)
  • 1996 (10,393)
  • 1995 (9,426)
  • 2016 (8,996)
  • 1994 (8,459)
  • 1993 (7,371)
  • 1991 (7,242)
  • 1992 (7,213)
  • 1990 (6,563)
  • 1989 (6,539)
  • 1987 (5,944)
  • 1988 (5,940)
  • 1986 (5,774)
  • 1985 (5,307)
  • 1981 (5,090)
  • 1974 (5,034)
  • 1973 (5,011)
  • 1967 (5,003)
  • 1984 (4,973)
  • 1971 (4,954)
  • 1979 (4,906)
  • 1969 (4,900)
  • 1970 (4,896)
  • 1976 (4,875)
  • 1980 (4,869)
  • 1982 (4,823)
  • 1975 (4,814)
  • 1966 (4,734)
  • 1983 (4,636)
  • 1972 (4,627)
  • 1978 (4,576)
  • 1977 (4,543)
  • 1968 (4,522)
  • 1965 (4,302)
  • 1961 (4,162)
  • 1956 (3,947)
  • 1957 (3,877)
  • 1960 (3,837)
  • 1964 (3,727)
  • 1959 (3,701)
  • 1963 (3,687)
  • 1955 (3,556)
  • 1962 (3,486)
  • 1958 (3,466)
  • 1914 (3,255)
  • 1913 (3,237)
  • 1915 (3,113)
  • 1954 (2,925)
  • 1912 (2,782)
  • 1953 (2,742)
  • 1952 (2,516)
  • 1951 (2,158)
  • 1911 (1,996)
  • 1916 (1,969)
  • 1910 (1,714)
  • 1950 (1,692)
  • 1917 (1,321)
  • 1949 (1,281)
  • 1909 (1,264)
  • 2017 (1,027)
  • 1918 (941)
  • 1948 (810)
  • 1908 (807)
  • 1919 (806)
  • 1920 (759)
  • 1938 (690)
  • 1947 (668)
  • 1937 (665)
  • 1939 (662)
  • 1921 (660)
  • 1922 (658)
  • 1936 (607)
  • 1946 (584)
  • 1928 (576)
  • 1923 (555)
  • 1934 (551)
  • 1940 (543)
  • 1935 (536)
  • 1931 (529)
  • 1932 (523)
  • 1927 (521)
  • 1924 (513)

