Year

  • 2013 (11,051)
  • 2012 (11,008)
  • 2014 (10,732)
  • 2011 (10,434)
  • 2010 (10,184)
  • 2009 (9,494)
  • 2007 (9,393)
  • 2008 (9,096)
  • 2015 (8,589)
  • 2006 (8,399)
  • 2005 (7,492)
  • 2004 (7,021)
  • 2003 (6,821)
  • 2002 (6,313)
  • 2001 (5,654)
  • 2000 (5,626)
  • 1999 (5,431)
  • 1998 (5,156)
  • 1997 (4,821)
  • 1995 (4,415)
  • 1996 (4,211)
  • 1994 (3,930)
  • 1993 (3,705)
  • 1992 (3,684)
  • 1991 (3,667)
  • 1985 (3,661)
  • 1986 (3,610)
  • 1987 (3,481)
  • 1990 (3,478)
  • 1989 (3,446)
  • 1988 (3,175)
  • 1984 (3,090)
  • 1983 (2,366)
  • 1967 (2,361)
  • 1975 (2,318)
  • 1965 (2,288)
  • 1982 (2,193)
  • 1968 (2,172)
  • 1966 (2,154)
  • 1974 (2,116)
  • 1977 (2,098)
  • 1976 (2,075)
  • 1970 (2,045)
  • 1978 (2,027)
  • 1973 (2,003)
  • 1971 (1,984)
  • 1972 (1,983)
  • 1979 (1,957)
  • 1980 (1,943)
  • 1981 (1,927)
  • 1960 (1,907)
  • 1969 (1,865)
  • 1961 (1,841)
  • 1963 (1,800)
  • 1964 (1,765)
  • 1962 (1,674)
  • 1958 (1,550)
  • 1959 (1,540)
  • 1957 (1,470)
  • 1956 (1,239)
  • 1955 (1,152)
  • 1954 (950)
  • 2016 (950)
  • 1953 (922)
  • 1952 (720)
  • 1951 (594)
  • 1950 (516)
  • 1949 (352)
  • 1948 (201)
  • 1937 (175)
  • 1939 (156)
  • 1938 (150)
  • 1942 (144)
  • 1941 (138)
  • 1947 (131)
  • 1940 (129)
  • 1936 (126)
  • 1946 (121)
  • 1932 (108)
  • 1944 (103)
  • 1935 (101)
  • 1943 (99)
  • 1934 (95)
  • 1931 (91)
  • 1933 (90)
  • 1945 (86)
  • 2017 (83)
  • 1930 (76)
  • 1929 (63)
  • 1912 (30)
  • 1925 (28)
  • 1928 (27)
  • 1924 (23)
  • 1926 (23)
  • 1927 (23)
  • 1911 (22)
  • 1923 (21)
  • 2018 (21)
  • 1913 (20)
  • 1922 (18)

