Year

  • 2013 (9,144)
  • 2012 (8,947)
  • 2011 (8,644)
  • 2014 (8,204)
  • 2010 (7,850)
  • 2009 (7,469)
  • 2008 (7,194)
  • 2007 (6,691)
  • 2006 (6,597)
  • 2005 (6,147)
  • 2015 (6,140)
  • 2004 (5,722)
  • 2003 (4,577)
  • 2002 (3,331)
  • 2001 (2,771)
  • 2000 (2,749)
  • 1999 (2,424)
  • 1998 (2,321)
  • 1997 (2,198)
  • 1970 (2,148)
  • 1995 (1,997)
  • 1996 (1,933)
  • 1994 (1,846)
  • 1966 (1,780)
  • 1969 (1,743)
  • 1965 (1,698)
  • 1971 (1,697)
  • 1975 (1,620)
  • 1993 (1,620)
  • 1972 (1,476)
  • 1992 (1,441)
  • 1968 (1,424)
  • 1967 (1,414)
  • 1976 (1,397)
  • 1980 (1,364)
  • 1974 (1,344)
  • 1973 (1,320)
  • 1977 (1,273)
  • 1989 (1,228)
  • 1964 (1,205)
  • 1978 (1,199)
  • 1991 (1,185)
  • 1987 (1,159)
  • 1979 (1,154)
  • 1984 (1,139)
  • 1957 (1,116)
  • 1985 (1,113)
  • 1990 (1,088)
  • 1963 (1,078)
  • 1983 (1,063)
  • 1986 (1,062)
  • 1958 (1,042)
  • 1981 (1,040)
  • 1959 (1,039)
  • 1962 (1,005)
  • 1988 (994)
  • 1982 (990)
  • 1950 (860)
  • 1956 (843)
  • 1951 (817)
  • 1960 (752)
  • 1949 (744)
  • 1955 (619)
  • 1961 (615)
  • 1948 (525)
  • 1952 (454)
  • 1954 (438)
  • 1953 (419)
  • 1947 (380)
  • 2016 (349)
  • 1929 (309)
  • 1938 (231)
  • 1946 (227)
  • 1937 (222)
  • 1939 (161)
  • 1936 (138)
  • 1942 (121)
  • 1941 (114)
  • 1945 (113)
  • 1928 (107)
  • 1944 (107)
  • 1943 (106)
  • 1935 (99)
  • 1930 (87)
  • 1931 (71)
  • 1907 (70)
  • 1940 (70)
  • 1934 (64)
  • 1909 (63)
  • 1932 (62)
  • 1933 (60)
  • 1908 (54)
  • 1927 (45)
  • 1906 (36)
  • 1913 (35)
  • 1926 (29)
  • 1922 (28)
  • 1905 (23)
  • 2017 (19)
  • 1916 (12)

